INFO: [SIM 2] *************** CSIM start ***************
INFO: [SIM 4] CSIM will launch CLANG as the compiler.
   Compiling ../../../../hw3_kernels_tb.cpp in debug mode
   Compiling ../../../../hw3_kernels.cpp in debug mode
   Generating csim.exe
Vector multiplication with BRAM interface:
2 4 6 8 10 12 14 16 18 20 22 24 26 28 30 32 

Vector multiplication with partitioning:
2 4 6 8 10 12 14 16 18 20 22 24 26 28 30 32 

Matrix multiplication with BRAM interface:
70 85 100 115 130 145 
91 112 133 154 175 196 
112 139 166 193 220 247 
133 166 199 232 265 298 
154 193 232 271 310 349 
175 220 265 310 355 400 

Matrix multiplication with one-dimension partitioning:
70 85 100 115 130 145 
91 112 133 154 175 196 
112 139 166 193 220 247 
133 166 199 232 265 298 
154 193 232 271 310 349 
175 220 265 310 355 400 

Matrix multiplication with both-dimension partitioning:
70 85 100 115 130 145 
91 112 133 154 175 196 
112 139 166 193 220 247 
133 166 199 232 265 298 
154 193 232 271 310 349 
175 220 265 310 355 400 

INFO: [SIM 1] CSim done with 0 errors.
INFO: [SIM 3] *************** CSIM finish ***************
